5
10 1000 49 9
1 10 1
2 9 2
3 8 3
4 7 4
5 6 5
6 5 6
7 4 7
8 3 8
9 2 9
10 1 10
1 2 1
2 3 1
3 4 1
4 5 1
5 6 1
6 7 1
7 8 1
8 9 1
9 10 1
20 2000 199 19
1 20 1
2 19 2
3 18 3
4 17 4
5 16 5
6 15 6
7 14 7
8 13 8
9 12 9
10 11 10
11 10 11
12 9 12
13 8 13
14 7 14
15 6 15
16 5 16
17 4 17
18 3 18
19 2 19
20 1 20
1 2 1
2 3 1
3 4 1
4 5 1
5 6 1
6 7 1
7 8 1
8 9 1
9 10 1
10 11 1
11 12 1
12 13 1
13 14 1
14 15 1
15 16 1
16 17 1
17 18 1
18 19 1
19 20 1
30 3000 449 29
1 30 1
2 29 2
3 28 3
4 27 4
5 26 5
6 25 6
7 24 7
8 23 8
9 22 9
10 21 10
11 20 11
12 19 12
13 18 13
14 17 14
15 16 15
16 15 16
17 14 17
18 13 18
19 12 19
20 11 20
21 10 21
22 9 22
23 8 23
24 7 24
25 6 25
26 5 26
27 4 27
28 3 28
29 2 29
30 1 30
1 2 1
2 3 1
3 4 1
4 5 1
5 6 1
6 7 1
7 8 1
8 9 1
9 10 1
10 11 1
11 12 1
12 13 1
13 14 1
14 15 1
15 16 1
16 17 1
17 18 1
18 19 1
19 20 1
20 21 1
21 22 1
22 23 1
23 24 1
24 25 1
25 26 1
26 27 1
27 28 1
28 29 1
29 30 1
40 1000 799 39
1 40 1
2 39 2
3 38 3
4 37 4
5 36 5
6 35 6
7 34 7
8 33 8
9 32 9
10 31 10
11 30 11
12 29 12
13 28 13
14 27 14
15 26 15
16 25 16
17 24 17
18 23 18
19 22 19
20 21 20
21 20 21
22 19 22
23 18 23
24 17 24
25 16 25
26 15 26
27 14 27
28 13 28
29 12 29
30 11 30
31 10 31
32 9 32
33 8 33
34 7 34
35 6 35
36 5 36
37 4 37
38 3 38
39 2 39
40 1 40
1 2 1
2 3 1
3 4 1
4 5 1
5 6 1
6 7 1
7 8 1
8 9 1
9 10 1
10 11 1
11 12 1
12 13 1
13 14 1
14 15 1
15 16 1
16 17 1
17 18 1
18 19 1
19 20 1
20 21 1
21 22 1
22 23 1
23 24 1
24 25 1
25 26 1
26 27 1
27 28 1
28 29 1
29 30 1
30 31 1
31 32 1
32 33 1
33 34 1
34 35 1
35 36 1
36 37 1
37 38 1
38 39 1
39 40 1
50 1000 1249 49
1 50 1
2 49 2
3 48 3
4 47 4
5 46 5
6 45 6
7 44 7
8 43 8
9 42 9
10 41 10
11 40 11
12 39 12
13 38 13
14 37 14
15 36 15
16 35 16
17 34 17
18 33 18
19 32 19
20 31 20
21 30 21
22 29 22
23 28 23
24 27 24
25 26 25
26 25 26
27 24 27
28 23 28
29 22 29
30 21 30
31 20 31
32 19 32
33 18 33
34 17 34
35 16 35
36 15 36
37 14 37
38 13 38
39 12 39
40 11 40
41 10 41
42 9 42
43 8 43
44 7 44
45 6 45
46 5 46
47 4 47
48 3 48
49 2 49
50 1 50
1 2 1
2 3 1
3 4 1
4 5 1
5 6 1
6 7 1
7 8 1
8 9 1
9 10 1
10 11 1
11 12 1
12 13 1
13 14 1
14 15 1
15 16 1
16 17 1
17 18 1
18 19 1
19 20 1
20 21 1
21 22 1
22 23 1
23 24 1
24 25 1
25 26 1
26 27 1
27 28 1
28 29 1
29 30 1
30 31 1
31 32 1
32 33 1
33 34 1
34 35 1
35 36 1
36 37 1
37 38 1
38 39 1
39 40 1
40 41 1
41 42 1
42 43 1
43 44 1
44 45 1
45 46 1
46 47 1
47 48 1
48 49 1
49 50 1